104
199
106
116
82
256
75
237
42
206
187
172
243
252
228
71
125
195
85
249
28
233
232
142
119
91
47
100
52
160
202
155
103
51
14
184
50
89
164
91
38
94
6
24
89
234
95
213
172
179
206
199
156
181
85
18
15
131
117
66
34
62
221
136
113
234
63
162
66
226
253
104
63
2
127
152
235
221
108
151
144
57
93
43
237
177
60
252
51
176
61
85
237
25
220
93
3
27
255
68
252
251
171
59
252
42
210
231
6
61
125
149
118
217
191
98
138
250
93
188
169
154
16
150
178
236
242
180
6
240
248
1
234
162
59
230
203
12
204
209
73
72
101
190
32
36
31
169
29
124
101
198
21
116
91
198
95
76
122
100
60
113
101
37
18
159
10
221
171
213
173
243
28
17
176
60
52
206
228
81
73
72
22
93
188
112
35
26
187
156
126
246
12
226
27
29
128
36
249
42
249
165
28
20
182
203
79
233
153
51
57
225
122
78
62
53
189
96
79
120
251
204
109
6
173
135
34
44
171
27
86
163
191
113
182
116
60
5
93
212
55
149
180
176
227
241
229
159
80
51
22
74
254
131
79
170
